-- // converted using mech's animoduler
local cfr = CFrame.new

return {{tm=0;["HumanoidRootPart"]={cf=cfr(0,0,0,1,0,0,0,1,0,0,0,1);es="Linear";ed="In";};["Torso"]={cf=cfr(.035,.03,-.027,.999,-.014,-.036,.016,.999,.052,.036,-.053,.998);es="Linear";ed="In";};["Left Leg"]={cf=cfr(-.194,.08,.05,.961,-.116,.25,.063,.976,.21,-.268,-.186,.945);es="Linear";ed="In";};["Right Leg"]={cf=cfr(-.095,.207,-.078,.983,.076,-.168,.015,.877,.479,.184,-.474,.861);es="Linear";ed="In";};["Left Arm"]={cf=cfr(-.896,-.137,-.044,.086,.838,-.539,-.463,.513,.723,.882,.188,.432);es="Linear";ed="In";};["Right Arm"]={cf=cfr(-.271,.344,.158,.731,.301,.613,-.642,-.004,.767,.234,-.954,.19);es="Linear";ed="In";};["Head"]={cf=cfr(0,0,.018,.999,.016,.036,-.014,.999,-.052,-.036,.052,.998);es="Linear";ed="In";};};{tm=.033;["HumanoidRootPart"]={cf=cfr(0,0,0,1,0,0,0,1,0,0,0,1);es="Linear";ed="In";};["Torso"]={cf=cfr(.064,.04,-.083,.997,-.046,-.061,.051,.996,.07,.057,-.073,.996);es="Linear";ed="In";};["Left Leg"]={cf=cfr(-.296,.088,.088,.946,-.18,.268,.139,.977,.165,-.291,-.119,.949);es="Linear";ed="In";};["Right Leg"]={cf=cfr(-.177,.244,-.128,.944,.128,-.305,.062,.839,.541,.325,-.53,.784);es="Linear";ed="In";};["Left Arm"]={cf=cfr(-.93,-.092,-.082,.01,.813,-.582,-.432,.528,.731,.902,.244,.357);es="Linear";ed="In";};["Right Arm"]={cf=cfr(-.303,.345,.132,.742,.328,.584,-.601,-.06,.797,.296,-.943,.152);es="Linear";ed="In";};["Head"]={cf=cfr(0,0,.018,.998,.063,-.002,-.063,.991,-.117,-.005,.117,.993);es="Linear";ed="In";};};{tm=.067;["HumanoidRootPart"]={cf=cfr(0,0,0,1,0,0,0,1,0,0,0,1);es="Linear";ed="In";};["Torso"]={cf=cfr(.073,.055,-.148,.996,-.076,-.05,.08,.994,.077,.044,-.08,.996);es="Linear";ed="In";};["Left Leg"]={cf=cfr(-.419,.151,.087,.947,-.219,.233,.177,.966,.187,-.266,-.136,.954);es="Linear";ed="In";};["Right Leg"]={cf=cfr(-.26,.243,-.169,.883,.154,-.444,.126,.832,.54,.453,-.533,.715);es="Linear";ed="In";};["Left Arm"]={cf=cfr(-.948,-.085,-.089,-.034,.83,-.557,-.431,.491,.757,.902,.266,.341);es="Linear";ed="In";};["Right Arm"]={cf=cfr(-.306,.32,.123,.764,.361,.535,-.546,-.081,.834,.344,-.929,.136);es="Linear";ed="In";};["Head"]={cf=cfr(0,0,.018,.994,.082,-.071,-.092,.986,-.139,.059,.145,.988);es="Linear";ed="In";};};{tm=.1;["HumanoidRootPart"]={cf=cfr(0,0,0,1,0,0,0,1,0,0,0,1);es="Linear";ed="In";};["Torso"]={cf=cfr(.057,.078,-.213,.997,-.074,-.025,.076,.992,.101,.017,-.102,.995);es="Linear";ed="In";};["Left Leg"]={cf=cfr(-.527,.219,.058,.94,-.28,.196,.226,.94,.256,-.255,-.197,.947);es="Linear";ed="In";};["Right Leg"]={cf=cfr(-.043,.278,-.049,.833,.291,-.471,-.004,.854,.52,.554,-.431,.712);es="Linear";ed="In";};["Left Arm"]={cf=cfr(-.923,-.128,-.065,.005,.863,-.505,-.473,.447,.759,.881,.235,.41);es="Linear";ed="In";};["Right Arm"]={cf=cfr(-.264,.335,.143,.771,.36,.525,-.53,-.094,.843,.353,-.928,.118);es="Linear";ed="In";};["Head"]={cf=cfr(0,0,.018,.993,.064,-.094,-.078,.986,-.146,.083,.153,.985);es="Linear";ed="In";};};{tm=.133;["HumanoidRootPart"]={cf=cfr(0,0,0,1,0,0,0,1,0,0,0,1);es="Linear";ed="In";};["Torso"]={cf=cfr(.03,.112,-.274,.998,-.057,.014,.055,.991,.126,-.021,-.125,.992);es="Linear";ed="In";};["Left Leg"]={cf=cfr(-.593,.292,.017,.925,-.331,.185,.251,.901,.355,-.284,-.282,.916);es="Linear";ed="In";};["Right Leg"]={cf=cfr(.119,.294,.05,.794,.376,-.478,-.124,.87,.478,.595,-.32,.737);es="Linear";ed="In";};["Left Arm"]={cf=cfr(-.887,-.155,-.039,.068,.897,-.437,-.513,.408,.756,.856,.173,.488);es="Linear";ed="In";};["Right Arm"]={cf=cfr(-.202,.373,.173,.794,.321,.516,-.506,-.121,.854,.337,-.939,.066);es="Linear";ed="In";};["Head"]={cf=cfr(0,0,.018,.995,.056,-.078,-.067,.986,-.151,.068,.155,.986);es="Linear";ed="In";};};{tm=.167;["HumanoidRootPart"]={cf=cfr(0,0,0,1,0,0,0,1,0,0,0,1);es="Linear";ed="In";};["Torso"]={cf=cfr(.002,.141,-.308,.999,-.035,.035,.03,.991,.129,-.04,-.127,.991);es="Linear";ed="In";};["Left Leg"]={cf=cfr(-.609,.337,-.011,.923,-.336,.188,.236,.88,.411,-.304,-.335,.892);es="Linear";ed="In";};["Right Leg"]={cf=cfr(.193,.3,.095,.79,.386,-.477,-.168,.884,.436,.59,-.264,.763);es="Linear";ed="In";};["Left Arm"]={cf=cfr(-.861,-.173,-.003,.089,.928,-.363,-.537,.352,.767,.839,.126,.529);es="Linear";ed="In";};["Right Arm"]={cf=cfr(-.146,.432,.194,.804,.271,.53,-.502,-.169,.848,.319,-.948,0);es="Linear";ed="In";};["Head"]={cf=cfr(0,0,.018,.998,.057,-.037,-.061,.991,-.119,.03,.121,.992);es="Linear";ed="In";};};{tm=.2;["HumanoidRootPart"]={cf=cfr(0,0,0,1,0,0,0,1,0,0,0,1);es="Linear";ed="In";};["Torso"]={cf=cfr(-.013,.151,-.299,1,-.018,.015,.016,.991,.132,-.017,-.132,.991);es="Linear";ed="In";};["Left Leg"]={cf=cfr(-.598,.306,.007,.921,-.341,.19,.249,.887,.388,-.301,-.31,.902);es="Linear";ed="In";};["Right Leg"]={cf=cfr(.206,.314,.078,.805,.377,-.458,-.152,.878,.454,.573,-.296,.764);es="Linear";ed="In";};["Left Arm"]={cf=cfr(-.837,-.192,.024,.103,.935,-.339,-.551,.337,.764,.828,.108,.55);es="Linear";ed="In";};["Right Arm"]={cf=cfr(-.112,.506,.193,.777,.236,.584,-.533,-.248,.809,.336,-.939,-.067);es="Linear";ed="In";};["Head"]={cf=cfr(0,0,.018,.999,.022,.025,-.021,.997,-.068,-.026,.067,.997);es="Linear";ed="In";};};{tm=.233;["HumanoidRootPart"]={cf=cfr(0,0,0,1,0,0,0,1,0,0,0,1);es="Linear";ed="In";};["Torso"]={cf=cfr(-.017,.154,-.253,1,-.009,-.014,.011,.988,.152,.013,-.152,.988);es="Linear";ed="In";};["Left Leg"]={cf=cfr(-.552,.225,.041,.915,-.354,.196,.275,.899,.341,-.297,-.258,.919);es="Linear";ed="In";};["Right Leg"]={cf=cfr(.159,.298,.033,.83,.365,-.422,-.126,.859,.496,.543,-.358,.759);es="Linear";ed="In";};["Left Arm"]={cf=cfr(-.815,-.184,.035,.121,.905,-.408,-.522,.408,.749,.844,.122,.522);es="Linear";ed="In";};["Right Arm"]={cf=cfr(-.103,.563,.181,.726,.213,.654,-.589,-.299,.751,.356,-.93,-.091);es="Linear";ed="In";};["Head"]={cf=cfr(0,0,.018,.997,-.038,.065,.042,.997,-.065,-.062,.068,.996);es="Linear";ed="In";};};{tm=.267;["HumanoidRootPart"]={cf=cfr(0,0,0,1,0,0,0,1,0,0,0,1);es="Linear";ed="In";};["Torso"]={cf=cfr(-.017,.154,-.178,.999,-.013,-.031,.018,.986,.168,.029,-.169,.985);es="Linear";ed="In";};["Left Leg"]={cf=cfr(-.453,.151,.059,.919,-.332,.211,.26,.916,.305,-.295,-.225,.929);es="Linear";ed="In";};["Right Leg"]={cf=cfr(.02,.251,-.036,.879,.306,-.366,-.082,.852,.516,.47,-.424,.774);es="Linear";ed="In";};["Left Arm"]={cf=cfr(-.807,-.156,.02,.137,.858,-.495,-.494,.492,.717,.859,.146,.491);es="Linear";ed="In";};["Right Arm"]={cf=cfr(-.13,.569,.172,.718,.217,.662,-.606,-.275,.747,.344,-.937,-.066);es="Linear";ed="In";};["Head"]={cf=cfr(0,0,.018,.998,-.051,.021,.053,.991,-.125,-.015,.126,.992);es="Linear";ed="In";};};{tm=.3;["HumanoidRootPart"]={cf=cfr(0,0,0,1,0,0,0,1,0,0,0,1);es="Linear";ed="In";};["Torso"]={cf=cfr(-.017,.15,-.094,.999,-.042,-.031,.047,.984,.171,.024,-.172,.985);es="Linear";ed="In";};["Left Leg"]={cf=cfr(-.327,.112,.052,.935,-.266,.232,.196,.938,.287,-.294,-.223,.929);es="Linear";ed="In";};["Right Leg"]={cf=cfr(-.17,.221,-.107,.929,.216,-.301,-.038,.864,.502,.369,-.455,.811);es="Linear";ed="In";};["Left Arm"]={cf=cfr(-.836,-.126,-.007,.106,.814,-.571,-.449,.552,.702,.887,.182,.424);es="Linear";ed="In";};["Right Arm"]={cf=cfr(-.192,.516,.156,.733,.274,.623,-.59,-.2,.782,.339,-.941,.015);es="Linear";ed="In";};["Head"]={cf=cfr(0,0,.018,.997,-.014,-.076,.001,.985,-.174,.077,.173,.982);es="Linear";ed="In";};};{tm=.333;["HumanoidRootPart"]={cf=cfr(0,0,0,1,0,0,0,1,0,0,0,1);es="Linear";ed="In";};["Torso"]={cf=cfr(-.018,.145,-.025,.995,-.1,-.016,.101,.98,.169,-.001,-.17,.985);es="Linear";ed="In";};["Left Leg"]={cf=cfr(-.207,.099,.034,.948,-.182,.259,.105,.953,.284,-.299,-.242,.923);es="Linear";ed="In";};["Right Leg"]={cf=cfr(-.133,.195,-.079,.936,.252,-.245,-.117,.88,.459,.331,-.402,.854);es="Linear";ed="In";};["Left Arm"]={cf=cfr(-.879,-.097,-.041,.037,.779,-.627,-.404,.585,.703,.914,.227,.336);es="Linear";ed="In";};["Right Arm"]={cf=cfr(-.281,.421,.119,.733,.367,.573,-.576,-.115,.809,.362,-.923,.127);es="Linear";ed="In";};["Head"]={cf=cfr(0,0,.018,.985,.066,-.161,-.098,.976,-.195,.144,.208,.967);es="Linear";ed="In";};};{tm=.367;["HumanoidRootPart"]={cf=cfr(0,0,0,1,0,0,0,1,0,0,0,1);es="Linear";ed="In";};["Torso"]={cf=cfr(-.031,.144,.011,.989,-.146,-.012,.146,.973,.177,-.014,-.177,.984);es="Linear";ed="In";};["Left Leg"]={cf=cfr(-.134,.077,.024,.95,-.143,.278,.068,.962,.265,-.305,-.233,.924);es="Linear";ed="In";};["Right Leg"]={cf=cfr(-.106,.178,-.062,.934,.294,-.204,-.184,.883,.432,.307,-.366,.878);es="Linear";ed="In";};["Left Arm"]={cf=cfr(-.893,-.105,-.072,.016,.764,-.645,-.408,.594,.693,.913,.252,.321);es="Linear";ed="In";};["Right Arm"]={cf=cfr(-.355,.338,.075,.72,.435,.54,-.577,-.057,.815,.385,-.898,.21);es="Linear";ed="In";};["Head"]={cf=cfr(0,0,.018,.976,.133,-.172,-.169,.961,-.218,.137,.242,.961);es="Linear";ed="In";};};{tm=.4;["HumanoidRootPart"]={cf=cfr(0,0,0,1,0,0,0,1,0,0,0,1);es="Linear";ed="In";};["Torso"]={cf=cfr(-.051,.149,.017,.991,-.133,-.005,.131,.972,.197,-.021,-.196,.98);es="Linear";ed="In";};["Left Leg"]={cf=cfr(-.117,.053,.019,.949,-.178,.262,.11,.961,.255,-.297,-.213,.931);es="Linear";ed="In";};["Right Leg"]={cf=cfr(-.074,.164,-.049,.935,.321,-.152,-.236,.881,.41,.266,-.347,.899);es="Linear";ed="In";};["Left Arm"]={cf=cfr(-.863,-.148,-.055,.066,.779,-.623,-.431,.586,.687,.9,.223,.374);es="Linear";ed="In";};["Right Arm"]={cf=cfr(-.352,.281,.083,.749,.434,.501,-.555,-.003,.832,.363,-.901,.239);es="Linear";ed="In";};["Head"]={cf=cfr(0,0,.018,.983,.114,-.146,-.149,.957,-.251,.111,.268,.957);es="Linear";ed="In";};};{tm=.433;["HumanoidRootPart"]={cf=cfr(0,0,0,1,0,0,0,1,0,0,0,1);es="Linear";ed="In";};["Torso"]={cf=cfr(-.074,.162,.003,.996,-.084,.007,.08,.976,.205,-.024,-.203,.979);es="Linear";ed="In";};["Left Leg"]={cf=cfr(-.199,.06,.012,.957,-.228,.179,.171,.943,.285,-.233,-.242,.942);es="Linear";ed="In";};["Right Leg"]={cf=cfr(-.104,.164,-.054,.931,.306,-.2,-.204,.889,.409,.304,-.34,.89);es="Linear";ed="In";};["Left Arm"]={cf=cfr(-.819,-.191,-.022,.14,.815,-.562,-.46,.556,.692,.877,.162,.453);es="Linear";ed="In";};["Right Arm"]={cf=cfr(-.291,.273,.131,.786,.379,.489,-.543,.044,.839,.296,-.924,.24);es="Linear";ed="In";};["Head"]={cf=cfr(0,0,.018,.992,.062,-.108,-.089,.957,-.275,.086,.282,.955);es="Linear";ed="In";};};{tm=.467;["HumanoidRootPart"]={cf=cfr(0,0,0,1,0,0,0,1,0,0,0,1);es="Linear";ed="In";};["Torso"]={cf=cfr(-.094,.182,-.029,.999,-.037,.021,.032,.981,.189,-.028,-.188,.982);es="Linear";ed="In";};["Left Leg"]={cf=cfr(-.312,.09,.018,.947,-.271,.172,.208,.927,.313,-.244,-.261,.934);es="Linear";ed="In";};["Right Leg"]={cf=cfr(-.151,.154,-.06,.931,.243,-.273,-.124,.912,.391,.344,-.331,.879);es="Linear";ed="In";};["Left Arm"]={cf=cfr(-.802,-.199,.001,.177,.855,-.487,-.488,.506,.711,.855,.112,.507);es="Linear";ed="In";};["Right Arm"]={cf=cfr(-.225,.308,.18,.815,.286,.505,-.541,.061,.839,.209,-.956,.204);es="Linear";ed="In";};["Head"]={cf=cfr(0,0,.018,.995,.033,-.098,-.057,.966,-.252,.087,.256,.963);es="Linear";ed="In";};};{tm=.5;["HumanoidRootPart"]={cf=cfr(0,0,0,1,0,0,0,1,0,0,0,1);es="Linear";ed="In";};["Torso"]={cf=cfr(-.111,.2,-.081,1,.003,.023,-.007,.988,.157,-.023,-.157,.987);es="Linear";ed="In";};["Left Leg"]={cf=cfr(-.375,.139,.03,.937,-.273,.217,.192,.923,.332,-.291,-.27,.918);es="Linear";ed="In";};["Right Leg"]={cf=cfr(-.171,.145,-.061,.94,.163,-.3,-.041,.926,.375,.339,-.34,.877);es="Linear";ed="In";};["Left Arm"]={cf=cfr(-.808,-.177,.024,.152,.89,-.43,-.494,.445,.747,.856,.099,.507);es="Linear";ed="In";};["Right Arm"]={cf=cfr(-.169,.36,.219,.815,.197,.546,-.562,.032,.827,.145,-.98,.137);es="Linear";ed="In";};["Head"]={cf=cfr(0,0,.018,.995,.009,-.104,-.029,.981,-.193,.101,.195,.976);es="Linear";ed="In";};};{tm=.533;["HumanoidRootPart"]={cf=cfr(0,0,0,1,0,0,0,1,0,0,0,1);es="Linear";ed="In";};["Torso"]={cf=cfr(-.112,.2,-.14,1,-.01,-.012,.011,.991,.134,.011,-.134,.991);es="Linear";ed="In";};["Left Leg"]={cf=cfr(-.431,.162,.06,.93,-.264,.257,.19,.941,.279,-.316,-.211,.925);es="Linear";ed="In";};["Right Leg"]={cf=cfr(.018,.199,-.006,.898,.252,-.361,-.082,.901,.426,.432,-.353,.83);es="Linear";ed="In";};["Left Arm"]={cf=cfr(-.856,-.153,.014,.059,.898,-.435,-.494,.405,.769,.867,.17,.468);es="Linear";ed="In";};["Right Arm"]={cf=cfr(-.175,.41,.216,.779,.18,.6,-.601,-.054,.797,.176,-.982,.066);es="Linear";ed="In";};["Head"]={cf=cfr(0,0,.018,.997,.026,-.072,-.036,.989,-.142,.068,.145,.987);es="Linear";ed="In";};};{tm=.567;["HumanoidRootPart"]={cf=cfr(0,0,0,1,0,0,0,1,0,0,0,1);es="Linear";ed="In";};["Torso"]={cf=cfr(-.097,.205,-.208,.996,-.067,-.051,.073,.989,.129,.042,-.133,.99);es="Linear";ed="In";};["Left Leg"]={cf=cfr(-.493,.177,.098,.922,-.264,.283,.21,.956,.205,-.325,-.13,.937);es="Linear";ed="In";};["Right Leg"]={cf=cfr(.074,.28,.002,.842,.327,-.43,-.08,.862,.5,.534,-.386,.752);es="Linear";ed="In";};["Left Arm"]={cf=cfr(-.922,-.114,-.032,-.068,.87,-.489,-.479,.401,.781,.875,.287,.39);es="Linear";ed="In";};["Right Arm"]={cf=cfr(-.233,.434,.179,.76,.212,.615,-.602,-.128,.788,.246,-.969,.03);es="Linear";ed="In";};["Head"]={cf=cfr(0,0,.018,.996,.067,-.051,-.073,.987,-.145,.041,.148,.988);es="Linear";ed="In";};};{tm=.6;["HumanoidRootPart"]={cf=cfr(0,0,0,1,0,0,0,1,0,0,0,1);es="Linear";ed="In";};["Torso"]={cf=cfr(-.085,.224,-.275,.988,-.152,-.031,.155,.979,.134,.01,-.138,.99);es="Linear";ed="In";};["Left Leg"]={cf=cfr(-.566,.268,.086,.929,-.248,.276,.19,.956,.222,-.319,-.154,.935);es="Linear";ed="In";};["Right Leg"]={cf=cfr(.139,.305,.056,.771,.421,-.478,-.152,.851,.503,.619,-.315,.72);es="Linear";ed="In";};["Left Arm"]={cf=cfr(-.977,-.07,-.079,-.211,.827,-.521,-.434,.398,.808,.876,.397,.275);es="Linear";ed="In";};["Right Arm"]={cf=cfr(-.313,.389,.132,.776,.283,.564,-.557,-.111,.823,.295,-.953,.072);es="Linear";ed="In";};["Head"]={cf=cfr(0,0,.018,.983,.118,-.142,-.141,.976,-.164,.119,.181,.976);es="Linear";ed="In";};};{tm=.633;["HumanoidRootPart"]={cf=cfr(0,0,0,1,0,0,0,1,0,0,0,1);es="Linear";ed="In";};["Torso"]={cf=cfr(-.097,.238,-.316,.978,-.206,.024,.201,.97,.135,-.051,-.128,.991);es="Linear";ed="In";};["Left Leg"]={cf=cfr(-.615,.379,.006,.951,-.207,.232,.129,.942,.311,-.282,-.265,.922);es="Linear";ed="In";};["Right Leg"]={cf=cfr(.196,.271,.132,.732,.464,-.498,-.25,.864,.438,.634,-.196,.748);es="Linear";ed="In";};["Left Arm"]={cf=cfr(-.99,-.06,-.09,-.264,.82,-.508,-.422,.375,.825,.867,.433,.247);es="Linear";ed="In";};["Right Arm"]={cf=cfr(-.339,.312,.111,.81,.351,.469,-.494,-.024,.869,.317,-.936,.154);es="Linear";ed="In";};["Head"]={cf=cfr(0,0,.018,.958,.142,-.249,-.185,.969,-.161,.219,.2,.955);es="Linear";ed="In";};};{tm=.667;["HumanoidRootPart"]={cf=cfr(0,0,0,1,0,0,0,1,0,0,0,1);es="Linear";ed="In";};["Torso"]={cf=cfr(-.132,.248,-.322,.976,-.21,.048,.202,.969,.142,-.077,-.128,.989);es="Linear";ed="In";};["Left Leg"]={cf=cfr(-.637,.403,-.054,.962,-.194,.191,.11,.919,.378,-.249,-.343,.906);es="Linear";ed="In";};["Right Leg"]={cf=cfr(.235,.234,.166,.732,.476,-.488,-.305,.869,.389,.609,-.136,.781);es="Linear";ed="In";};["Left Arm"]={cf=cfr(-.949,-.108,-.082,-.179,.851,-.494,-.52,.344,.782,.835,.397,.381);es="Linear";ed="In";};["Right Arm"]={cf=cfr(-.292,.284,.123,.817,.392,.423,-.47,.027,.882,.335,-.919,.206);es="Linear";ed="In";};["Head"]={cf=cfr(0,0,.018,.971,.148,-.189,-.18,.97,-.163,.159,.192,.968);es="Linear";ed="In";};};{tm=.7;["HumanoidRootPart"]={cf=cfr(0,0,0,1,0,0,0,1,0,0,0,1);es="Linear";ed="In";};["Torso"]={cf=cfr(-.172,.261,-.29,.984,-.172,.051,.163,.976,.145,-.075,-.134,.988);es="Linear";ed="In";};["Left Leg"]={cf=cfr(-.628,.362,-.075,.967,-.2,.16,.118,.902,.416,-.227,-.383,.895);es="Linear";ed="In";};["Right Leg"]={cf=cfr(.236,.206,.163,.762,.447,-.468,-.303,.885,.353,.573,-.127,.81);es="Linear";ed="In";};["Left Arm"]={cf=cfr(-.888,-.154,-.054,-.048,.886,-.461,-.597,.345,.724,.801,.31,.513);es="Linear";ed="In";};["Right Arm"]={cf=cfr(-.221,.308,.164,.83,.341,.442,-.48,.031,.877,.285,-.939,.19);es="Linear";ed="In";};["Head"]={cf=cfr(0,0,.018,.993,.114,-.043,-.119,.983,-.137,.027,.141,.99);es="Linear";ed="In";};};{tm=.733;["HumanoidRootPart"]={cf=cfr(0,0,0,1,0,0,0,1,0,0,0,1);es="Linear";ed="In";};["Torso"]={cf=cfr(-.205,.264,-.231,.994,-.111,.026,.106,.983,.147,-.042,-.143,.989);es="Linear";ed="In";};["Left Leg"]={cf=cfr(-.577,.272,-.052,.966,-.215,.145,.141,.905,.4,-.217,-.366,.905);es="Linear";ed="In";};["Right Leg"]={cf=cfr(.225,.194,.119,.819,.401,-.41,-.261,.897,.356,.511,-.185,.839);es="Linear";ed="In";};["Left Arm"]={cf=cfr(-.825,-.189,-.014,.063,.895,-.441,-.6,.387,.7,.797,.22,.562);es="Linear";ed="In";};["Right Arm"]={cf=cfr(-.134,.392,.217,.821,.219,.527,-.536,-.022,.844,.196,-.976,.099);es="Linear";ed="In";};["Head"]={cf=cfr(0,0,.018,.994,.041,.097,-.03,.993,-.113,-.101,.11,.989);es="Linear";ed="In";};};{tm=.767;["HumanoidRootPart"]={cf=cfr(0,0,0,1,0,0,0,1,0,0,0,1);es="Linear";ed="In";};["Torso"]={cf=cfr(-.226,.26,-.155,.998,-.054,-.019,.056,.985,.16,.01,-.161,.987);es="Linear";ed="In";};["Left Leg"]={cf=cfr(-.432,.164,-.003,.958,-.213,.191,.139,.93,.339,-.25,-.298,.921);es="Linear";ed="In";};["Right Leg"]={cf=cfr(.178,.182,.047,.884,.347,-.313,-.21,.893,.397,.417,-.286,.863);es="Linear";ed="In";};["Left Arm"]={cf=cfr(-.774,-.206,.015,.151,.865,-.479,-.552,.476,.685,.82,.161,.549);es="Linear";ed="In";};["Right Arm"]={cf=cfr(-.053,.517,.246,.75,.093,.655,-.65,-.086,.755,.127,-.992,-.004);es="Linear";ed="In";};["Head"]={cf=cfr(0,0,.018,.987,-.025,.156,.042,.993,-.112,-.152,.117,.981);es="Linear";ed="In";};};{tm=.8;["HumanoidRootPart"]={cf=cfr(0,0,0,1,0,0,0,1,0,0,0,1);es="Linear";ed="In";};["Torso"]={cf=cfr(-.234,.25,-.074,.998,-.046,-.05,.054,.983,.175,.041,-.177,.983);es="Linear";ed="In";};["Left Leg"]={cf=cfr(-.186,.084,-.007,.947,-.146,.286,.061,.957,.285,-.315,-.252,.915);es="Linear";ed="In";};["Right Leg"]={cf=cfr(-.136,.176,-.068,.95,.191,-.245,-.071,.901,.427,.303,-.389,.87);es="Linear";ed="In";};["Left Arm"]={cf=cfr(-.767,-.193,.016,.172,.813,-.556,-.506,.557,.658,.845,.168,.508);es="Linear";ed="In";};["Right Arm"]={cf=cfr(-.037,.595,.239,.687,.057,.724,-.718,-.1,.689,.112,-.993,-.028);es="Linear";ed="In";};["Head"]={cf=cfr(0,0,.018,.989,-.031,.145,.055,.985,-.162,-.138,.168,.976);es="Linear";ed="In";};};{tm=.833;["HumanoidRootPart"]={cf=cfr(0,0,0,1,0,0,0,1,0,0,0,1);es="Linear";ed="In";};["Torso"]={cf=cfr(-.23,.235,-.002,.993,-.108,-.053,.116,.977,.18,.032,-.184,.982);es="Linear";ed="In";};["Left Leg"]={cf=cfr(.039,.05,-.07,.939,-.029,.343,-.064,.964,.257,-.339,-.264,.903);es="Linear";ed="In";};["Right Leg"]={cf=cfr(-.106,.167,-.056,.95,.241,-.199,-.142,.9,.413,.279,-.364,.889);es="Linear";ed="In";};["Left Arm"]={cf=cfr(-.811,-.156,-.013,.111,.77,-.628,-.485,.594,.642,.867,.234,.439);es="Linear";ed="In";};["Right Arm"]={cf=cfr(-.119,.557,.208,.732,.135,.668,-.664,-.076,.744,.151,-.988,.034);es="Linear";ed="In";};["Head"]={cf=cfr(0,0,.018,.999,.04,.03,-.032,.975,-.218,-.038,.217,.975);es="Linear";ed="In";};};{tm=.867;["HumanoidRootPart"]={cf=cfr(0,0,0,1,0,0,0,1,0,0,0,1);es="Linear";ed="In";};["Torso"]={cf=cfr(-.227,.222,.047,.974,-.224,-.021,.224,.957,.184,-.021,-.185,.983);es="Linear";ed="In";};["Left Leg"]={cf=cfr(.042,.056,-.078,.933,.011,.36,-.115,.957,.268,-.341,-.291,.894);es="Linear";ed="In";};["Right Leg"]={cf=cfr(-.092,.12,-.029,.936,.304,-.18,-.232,.913,.335,.266,-.272,.925);es="Linear";ed="In";};["Left Arm"]={cf=cfr(-.883,-.112,-.058,-.016,.73,-.684,-.447,.607,.657,.894,.316,.317);es="Linear";ed="In";};["Right Arm"]={cf=cfr(-.243,.444,.147,.768,.297,.567,-.588,-.023,.808,.253,-.955,.156);es="Linear";ed="In";};["Head"]={cf=cfr(0,0,.018,.975,.171,-.145,-.201,.952,-.232,.098,.255,.962);es="Linear";ed="In";};};{tm=.9;["HumanoidRootPart"]={cf=cfr(0,0,0,1,0,0,0,1,0,0,0,1);es="Linear";ed="In";};["Torso"]={cf=cfr(-.236,.211,.07,.957,-.29,-.008,.286,.939,.191,-.048,-.185,.982);es="Linear";ed="In";};["Left Leg"]={cf=cfr(.02,.063,-.077,.943,.009,.331,-.108,.954,.281,-.313,-.301,.901);es="Linear";ed="In";};["Right Leg"]={cf=cfr(-.076,.085,-.013,.928,.338,-.157,-.287,.916,.28,.238,-.214,.947);es="Linear";ed="In";};["Left Arm"]={cf=cfr(-.901,-.11,-.083,-.059,.726,-.685,-.456,.591,.665,.888,.351,.296);es="Linear";ed="In";};["Right Arm"]={cf=cfr(-.315,.369,.099,.748,.404,.527,-.574,-.005,.819,.334,-.915,.228);es="Linear";ed="In";};["Head"]={cf=cfr(0,0,.018,.954,.237,-.184,-.275,.935,-.222,.12,.262,.957);es="Linear";ed="In";};};{tm=.933;["HumanoidRootPart"]={cf=cfr(0,0,0,1,0,0,0,1,0,0,0,1);es="Linear";ed="In";};["Torso"]={cf=cfr(-.251,.2,.069,.964,-.265,-.021,.264,.945,.192,-.032,-.191,.981);es="Linear";ed="In";};["Left Leg"]={cf=cfr(-.045,.062,-.061,.973,-.051,.226,-.014,.96,.279,-.231,-.275,.933);es="Linear";ed="In";};["Right Leg"]={cf=cfr(-.031,.084,-.009,.936,.343,-.085,-.308,.91,.279,.173,-.235,.957);es="Linear";ed="In";};["Left Arm"]={cf=cfr(-.855,-.138,-.058,.005,.767,-.641,-.51,.554,.658,.86,.324,.394);es="Linear";ed="In";};["Right Arm"]={cf=cfr(-.308,.357,.107,.745,.399,.534,-.575,-.022,.818,.338,-.917,.213);es="Linear";ed="In";};["Head"]={cf=cfr(0,0,.018,.979,.186,-.078,-.199,.955,-.219,.034,.23,.973);es="Linear";ed="In";};};{tm=.967;["HumanoidRootPart"]={cf=cfr(0,0,0,1,0,0,0,1,0,0,0,1);es="Linear";ed="In";};["Torso"]={cf=cfr(-.266,.191,.053,.982,-.188,-.037,.191,.964,.185,.001,-.189,.982);es="Linear";ed="In";};["Left Leg"]={cf=cfr(-.114,.052,-.048,.989,-.098,.111,.067,.963,.26,-.132,-.25,.959);es="Linear";ed="In";};["Right Leg"]={cf=cfr(-.037,.113,-.02,.947,.308,-.091,-.264,.908,.326,.183,-.284,.941);es="Linear";ed="In";};["Left Arm"]={cf=cfr(-.789,-.16,-.013,.103,.817,-.568,-.539,.526,.658,.836,.238,.494);es="Linear";ed="In";};["Right Arm"]={cf=cfr(-.232,.398,.156,.745,.328,.58,-.598,-.057,.8,.295,-.943,.153);es="Linear";ed="In";};["Head"]={cf=cfr(0,0,.018,.993,.097,.07,-.08,.974,-.21,-.088,.203,.975);es="Linear";ed="In";};};{tm=1;["HumanoidRootPart"]={cf=cfr(0,0,0,1,0,0,0,1,0,0,0,1);es="Linear";ed="In";};["Torso"]={cf=cfr(-.276,.181,.021,.993,-.107,-.054,.114,.981,.157,.036,-.162,.986);es="Linear";ed="In";};["Left Leg"]={cf=cfr(-.117,.039,-.046,.987,-.109,.12,.079,.969,.234,-.142,-.221,.965);es="Linear";ed="In";};["Right Leg"]={cf=cfr(-.067,.144,-.037,.965,.224,-.134,-.16,.914,.374,.206,-.34,.918);es="Linear";ed="In";};["Left Arm"]={cf=cfr(-.758,-.145,.028,.164,.844,-.51,-.496,.517,.697,.853,.139,.504);es="Linear";ed="In";};["Right Arm"]={cf=cfr(-.151,.468,.198,.739,.223,.635,-.624,-.126,.771,.252,-.967,.046);es="Linear";ed="In";};["Head"]={cf=cfr(0,0,.018,.991,.046,.124,-.022,.982,-.189,-.13,.185,.974);es="Linear";ed="In";};};{tm=1.033;["HumanoidRootPart"]={cf=cfr(0,0,0,1,0,0,0,1,0,0,0,1);es="Linear";ed="In";};["Torso"]={cf=cfr(-.281,.17,-.028,.997,-.042,-.066,.049,.994,.102,.061,-.104,.993);es="Linear";ed="In";};["Left Leg"]={cf=cfr(-.29,.036,-.015,.97,-.172,.173,.133,.967,.219,-.205,-.189,.96);es="Linear";ed="In";};["Right Leg"]={cf=cfr(-.075,.157,-.045,.985,.105,-.138,-.042,.918,.394,.168,-.382,.909);es="Linear";ed="In";};["Left Arm"]={cf=cfr(-.77,-.099,.067,.184,.868,-.46,-.433,.492,.755,.882,.06,.467);es="Linear";ed="In";};["Right Arm"]={cf=cfr(-.113,.554,.214,.716,.108,.69,-.668,-.182,.722,.204,-.977,-.058);es="Linear";ed="In";};["Head"]={cf=cfr(0,0,.018,.998,.033,.044,-.027,.992,-.122,-.048,.121,.992);es="Linear";ed="In";};};{tm=1.067;["HumanoidRootPart"]={cf=cfr(0,0,0,1,0,0,0,1,0,0,0,1);es="Linear";ed="In";};["Torso"]={cf=cfr(-.272,.147,-.092,.997,-.012,-.075,.015,.999,.043,.074,-.044,.996);es="Linear";ed="In";};["Left Leg"]={cf=cfr(-.46,.085,.024,.951,-.212,.226,.166,.964,.207,-.261,-.16,.952);es="Linear";ed="In";};["Right Leg"]={cf=cfr(.229,.212,-.02,.973,.173,-.152,-.096,.905,.414,.209,-.388,.897);es="Linear";ed="In";};["Left Arm"]={cf=cfr(-.801,-.05,.089,.155,.897,-.414,-.421,.439,.793,.894,.051,.446);es="Linear";ed="In";};["Right Arm"]={cf=cfr(-.216,.6,.223,.785,-.074,.615,-.618,-.152,.771,.036,-.986,-.165);es="Linear";ed="In";};["Head"]={cf=cfr(0,0,.018,.998,.035,-.054,-.037,.998,-.043,.053,.045,.998);es="Linear";ed="In";};};{tm=1.1;["HumanoidRootPart"]={cf=cfr(0,0,0,1,0,0,0,1,0,0,0,1);es="Linear";ed="In";};["Torso"]={cf=cfr(-.252,.131,-.166,.995,-.031,-.091,.032,.999,.006,.091,-.009,.996);es="Linear";ed="In";};["Left Leg"]={cf=cfr(-.592,.138,.045,.948,-.225,.224,.188,.967,.173,-.256,-.122,.959);es="Linear";ed="In";};["Right Leg"]={cf=cfr(.347,.301,-.033,.961,.208,-.182,-.104,.883,.458,.256,-.421,.87);es="Linear";ed="In";};["Left Arm"]={cf=cfr(-.843,-.037,.053,.086,.914,-.397,-.493,.386,.78,.866,.128,.484);es="Linear";ed="In";};["Right Arm"]={cf=cfr(-.42,.463,.259,.908,-.316,.274,-.345,-.194,.918,-.237,-.929,-.285);es="Linear";ed="In";};["Head"]={cf=cfr(0,0,.018,.998,.055,-.036,-.056,.998,-.017,.035,.019,.999);es="Linear";ed="In";};};{tm=1.133;["HumanoidRootPart"]={cf=cfr(0,0,0,1,0,0,0,1,0,0,0,1);es="Linear";ed="In";};["Torso"]={cf=cfr(-.216,.118,-.244,.993,-.074,-.097,.072,.997,-.021,.098,.014,.995);es="Linear";ed="In";};["Left Leg"]={cf=cfr(-.691,.206,.062,.947,-.229,.225,.202,.97,.139,-.25,-.086,.964);es="Linear";ed="In";};["Right Leg"]={cf=cfr(.39,.38,-.038,.938,.248,-.243,-.099,.862,.497,.333,-.442,.833);es="Linear";ed="In";};["Left Arm"]={cf=cfr(-.883,-.036,-.009,-.031,.901,-.433,-.588,.334,.737,.808,.278,.519);es="Linear";ed="In";};["Right Arm"]={cf=cfr(-.569,.214,.304,.869,-.488,-.076,-.091,-.31,.946,-.486,-.816,-.314);es="Linear";ed="In";};["Head"]={cf=cfr(0,0,.018,.997,.072,.037,-.07,.996,-.049,-.04,.046,.998);es="Linear";ed="In";};};{tm=1.167;["HumanoidRootPart"]={cf=cfr(0,0,0,1,0,0,0,1,0,0,0,1);es="Linear";ed="In";};["Torso"]={cf=cfr(-.18,.107,-.296,.987,-.137,-.089,.13,.989,-.071,.097,.059,.994);es="Linear";ed="In";};["Left Leg"]={cf=cfr(-.759,.298,.033,.972,-.164,.17,.146,.983,.112,-.186,-.084,.979);es="Linear";ed="In";};["Right Leg"]={cf=cfr(.361,.444,-.03,.914,.241,-.327,-.048,.863,.502,.403,-.443,.8);es="Linear";ed="In";};["Left Arm"]={cf=cfr(-.938,-.03,-.077,-.213,.835,-.508,-.648,.269,.713,.732,.481,.483);es="Linear";ed="In";};["Right Arm"]={cf=cfr(-.663,-.051,.286,.77,-.561,-.304,.071,-.397,.915,-.634,-.726,-.266);es="Linear";ed="In";};["Head"]={cf=cfr(0,0,.018,.993,.109,.044,-.107,.992,-.062,-.05,.056,.997);es="Linear";ed="In";};};{tm=1.2;["HumanoidRootPart"]={cf=cfr(0,0,0,1,0,0,0,1,0,0,0,1);es="Linear";ed="In";};["Torso"]={cf=cfr(-.163,.086,-.305,.983,-.174,-.057,.166,.978,-.125,.078,.113,.991);es="Linear";ed="In";};["Left Leg"]={cf=cfr(-.766,.38,-.018,.989,-.075,.124,.058,.989,.135,-.133,-.126,.983);es="Linear";ed="In";};["Right Leg"]={cf=cfr(.291,.456,.002,.897,.187,-.401,.013,.895,.447,.443,-.406,.8);es="Linear";ed="In";};["Left Arm"]={cf=cfr(-.964,-.031,-.068,-.412,.697,-.588,-.637,.241,.732,.651,.676,.345);es="Linear";ed="In";};["Right Arm"]={cf=cfr(-.691,-.272,.19,.698,-.598,-.395,.255,-.308,.917,-.67,-.74,-.063);es="Linear";ed="In";};["Head"]={cf=cfr(0,0,.018,.99,.143,.008,-.142,.988,-.059,-.016,.057,.998);es="Linear";ed="In";};};{tm=1.233;["HumanoidRootPart"]={cf=cfr(0,0,0,1,0,0,0,1,0,0,0,1);es="Linear";ed="In";};["Torso"]={cf=cfr(-.161,.064,-.262,.985,-.172,-.027,.166,.975,-.149,.052,.142,.988);es="Linear";ed="In";};["Left Leg"]={cf=cfr(-.737,.389,-.047,.993,-.027,.117,.006,.984,.177,-.12,-.175,.977);es="Linear";ed="In";};["Right Leg"]={cf=cfr(.213,.4,.033,.893,.122,-.433,.056,.924,.377,.447,-.361,.818);es="Linear";ed="In";};["Left Arm"]={cf=cfr(-.897,-.059,0,-.434,.612,-.661,-.625,.324,.71,.649,.721,.241);es="Linear";ed="In";};["Right Arm"]={cf=cfr(-.644,-.321,.098,.72,-.606,-.337,.427,.004,.904,-.547,-.795,.261);es="Linear";ed="In";};["Head"]={cf=cfr(0,0,.018,.988,.15,-.03,-.15,.988,-.019,.027,.024,.999);es="Linear";ed="In";};};{tm=1.267;["HumanoidRootPart"]={cf=cfr(0,0,0,1,0,0,0,1,0,0,0,1);es="Linear";ed="In";};["Torso"]={cf=cfr(-.163,.053,-.171,.986,-.163,-.025,.157,.974,-.161,.051,.155,.987);es="Linear";ed="In";};["Left Leg"]={cf=cfr(-.694,.311,-.071,.997,.025,.066,-.037,.981,.189,-.06,-.191,.98);es="Linear";ed="In";};["Right Leg"]={cf=cfr(.052,.297,.023,.881,.024,-.472,.151,.931,.331,.447,-.363,.817);es="Linear";ed="In";};["Left Arm"]={cf=cfr(-.77,-.103,.065,-.205,.693,-.691,-.648,.433,.627,.734,.576,.36);es="Linear";ed="In";};["Right Arm"]={cf=cfr(-.547,-.159,.122,.88,-.474,-.04,.274,.435,.858,-.389,-.765,.512);es="Linear";ed="In";};["Head"]={cf=cfr(0,0,.018,.992,.13,-.005,-.129,.99,.055,.012,-.054,.998);es="Linear";ed="In";};};{tm=1.3;["HumanoidRootPart"]={cf=cfr(0,0,0,1,0,0,0,1,0,0,0,1);es="Linear";ed="In";};["Torso"]={cf=cfr(-.17,.046,-.055,.988,-.155,-.021,.15,.976,-.156,.045,.151,.988);es="Linear";ed="In";};["Left Leg"]={cf=cfr(-.576,.197,-.069,.995,.094,.041,-.1,.976,.194,-.021,-.197,.98);es="Linear";ed="In";};["Right Leg"]={cf=cfr(-.328,.084,-.11,.832,-.164,-.53,.35,.896,.273,.43,-.413,.803);es="Linear";ed="In";};["Left Arm"]={cf=cfr(-.642,-.091,.149,.052,.785,-.617,-.57,.531,.627,.82,.319,.475);es="Linear";ed="In";};["Right Arm"]={cf=cfr(-.378,.02,.186,.893,-.145,.426,-.177,.757,.629,-.414,-.638,.65);es="Linear";ed="In";};["Head"]={cf=cfr(0,0,.018,.993,.104,.05,-.109,.986,.123,-.037,-.127,.991);es="Linear";ed="In";};};{tm=1.333;["HumanoidRootPart"]={cf=cfr(0,0,0,1,0,0,0,1,0,0,0,1);es="Linear";ed="In";};["Torso"]={cf=cfr(-.184,.039,.054,.985,-.175,.004,.174,.975,-.139,.021,.137,.99);es="Linear";ed="In";};["Left Leg"]={cf=cfr(-.4,.109,-.052,.981,.179,.078,-.191,.962,.193,-.04,-.204,.978);es="Linear";ed="In";};["Right Leg"]={cf=cfr(-.366,.037,-.119,.792,-.14,-.594,.31,.931,.194,.526,-.338,.78);es="Linear";ed="In";};["Left Arm"]={cf=cfr(-.535,.008,.267,.147,.813,-.564,-.372,.574,.73,.917,.103,.386);es="Linear";ed="In";};["Right Arm"]={cf=cfr(-.281,.135,.221,.697,.111,.708,-.434,.852,.293,-.57,-.512,.642);es="Linear";ed="In";};["Head"]={cf=cfr(0,0,.018,.988,.134,.082,-.147,.975,.166,-.058,-.176,.983);es="Linear";ed="In";};};{tm=1.367;["HumanoidRootPart"]={cf=cfr(0,0,0,1,0,0,0,1,0,0,0,1);es="Linear";ed="In";};["Torso"]={cf=cfr(-.199,.033,.128,.976,-.214,.045,.218,.97,-.112,-.02,.119,.993);es="Linear";ed="In";};["Left Leg"]={cf=cfr(-.375,.125,-.058,.979,.172,.113,-.194,.952,.236,-.067,-.253,.965);es="Linear";ed="In";};["Right Leg"]={cf=cfr(-.41,-.019,-.14,.738,-.102,-.667,.226,.969,.102,.636,-.226,.738);es="Linear";ed="In";};["Left Arm"]={cf=cfr(-.456,.208,.363,.149,.8,-.581,-.021,.59,.807,.989,-.108,.104);es="Linear";ed="In";};["Right Arm"]={cf=cfr(-.256,.246,.264,.516,.258,.817,-.441,.898,-.005,-.734,-.357,.577);es="Linear";ed="In";};["Head"]={cf=cfr(0,0,.018,.977,.193,.093,-.206,.964,.169,-.057,-.185,.981);es="Linear";ed="In";};};{tm=1.4;["HumanoidRootPart"]={cf=cfr(0,0,0,1,0,0,0,1,0,0,0,1);es="Linear";ed="In";};["Torso"]={cf=cfr(-.196,.032,.162,.964,-.25,.093,.258,.963,-.081,-.07,.102,.992);es="Linear";ed="In";};["Left Leg"]={cf=cfr(-.491,.218,-.079,.988,.082,.129,-.12,.942,.315,-.096,-.327,.94);es="Linear";ed="In";};["Right Leg"]={cf=cfr(-.42,-.052,-.142,.725,-.062,-.686,.128,.991,.046,.677,-.121,.726);es="Linear";ed="In";};["Left Arm"]={cf=cfr(-.405,.413,.349,.28,.782,-.556,.331,.465,.821,.901,-.414,-.129);es="Linear";ed="In";};["Right Arm"]={cf=cfr(-.262,.323,.287,.417,.379,.826,-.399,.893,-.208,-.817,-.243,.523);es="Linear";ed="In";};["Head"]={cf=cfr(0,0,.018,.967,.245,.063,-.252,.954,.162,-.021,-.173,.985);es="Linear";ed="In";};};{tm=1.433;["HumanoidRootPart"]={cf=cfr(0,0,0,1,0,0,0,1,0,0,0,1);es="Linear";ed="In";};["Torso"]={cf=cfr(-.184,.032,.164,.956,-.265,.126,.273,.961,-.042,-.11,.075,.991);es="Linear";ed="In";};["Left Leg"]={cf=cfr(-.562,.277,-.117,.993,.01,.118,-.057,.911,.407,-.103,-.411,.906);es="Linear";ed="In";};["Right Leg"]={cf=cfr(-.399,-.062,-.122,.755,-.011,-.656,.042,.999,.031,.655,-.051,.754);es="Linear";ed="In";};["Left Arm"]={cf=cfr(-.385,.514,.291,.579,.702,-.415,.485,.113,.867,.656,-.703,-.274);es="Linear";ed="In";};["Right Arm"]={cf=cfr(-.263,.407,.281,.348,.485,.802,-.444,.839,-.315,-.826,-.246,.507);es="Linear";ed="In";};["Head"]={cf=cfr(0,0,.018,.962,.273,.019,-.272,.949,.16,.025,-.159,.987);es="Linear";ed="In";};};{tm=1.467;["HumanoidRootPart"]={cf=cfr(0,0,0,1,0,0,0,1,0,0,0,1);es="Linear";ed="In";};["Torso"]={cf=cfr(-.174,.011,.13,.958,-.27,.094,.273,.962,-.017,-.086,.042,.995);es="Linear";ed="In";};["Left Leg"]={cf=cfr(-.585,.229,-.16,.999,.021,-.038,-.003,.901,.434,.043,-.433,.9);es="Linear";ed="In";};["Right Leg"]={cf=cfr(-.388,0,-.126,.762,.061,-.645,.033,.991,.133,.647,-.123,.752);es="Linear";ed="In";};["Left Arm"]={cf=cfr(-.157,.401,.36,.677,.729,.1,.057,-.188,.981,.734,-.658,-.169);es="Linear";ed="In";};["Right Arm"]={cf=cfr(-.303,.504,.33,.457,.359,.814,-.462,.878,-.127,-.76,-.318,.567);es="Linear";ed="In";};["Head"]={cf=cfr(0,0,.018,.959,.28,.031,-.281,.945,.164,.016,-.166,.986);es="Linear";ed="In";};};{tm=1.5;["HumanoidRootPart"]={cf=cfr(0,0,0,1,0,0,0,1,0,0,0,1);es="Linear";ed="In";};["Torso"]={cf=cfr(-.174,-.014,.079,.959,-.277,.063,.277,.961,.002,-.061,.015,.998);es="Linear";ed="In";};["Left Leg"]={cf=cfr(-.562,.177,-.182,.978,.061,-.198,.033,.899,.437,.204,-.434,.877);es="Linear";ed="In";};["Right Leg"]={cf=cfr(-.39,.067,-.152,.745,.135,-.653,.038,.969,.243,.666,-.206,.717);es="Linear";ed="In";};["Left Arm"]={cf=cfr(.088,.197,.361,.584,.724,.368,-.11,-.379,.919,.805,-.577,-.142);es="Linear";ed="In";};["Right Arm"]={cf=cfr(-.36,.5,.361,.587,.109,.802,-.353,.926,.133,-.728,-.362,.582);es="Linear";ed="In";};["Head"]={cf=cfr(0,0,.018,.955,.291,.049,-.295,.941,.165,.002,-.172,.985);es="Linear";ed="In";};};{tm=1.533;["HumanoidRootPart"]={cf=cfr(0,0,0,1,0,0,0,1,0,0,0,1);es="Linear";ed="In";};["Torso"]={cf=cfr(-.191,-.034,.007,.952,-.305,.028,.305,.952,.006,-.028,.003,1);es="Linear";ed="In";};["Left Leg"]={cf=cfr(-.59,.155,-.203,.953,.072,-.296,.06,.908,.415,.299,-.413,.86);es="Linear";ed="In";};["Right Leg"]={cf=cfr(-.427,.121,-.219,.667,.202,-.717,.074,.94,.333,.741,-.276,.612);es="Linear";ed="In";};["Left Arm"]={cf=cfr(.139,.187,.319,.71,.669,.22,-.085,-.229,.97,.699,-.708,-.106);es="Linear";ed="In";};["Right Arm"]={cf=cfr(-.423,.33,.375,.685,-.271,.676,-.086,.891,.445,-.723,-.363,.587);es="Linear";ed="In";};["Head"]={cf=cfr(0,0,.018,.944,.318,.085,-.329,.926,.187,-.019,-.205,.979);es="Linear";ed="In";};};{tm=1.567;["HumanoidRootPart"]={cf=cfr(0,0,0,1,0,0,0,1,0,0,0,1);es="Linear";ed="In";};["Torso"]={cf=cfr(-.215,-.04,-.084,.937,-.349,-.015,.35,.937,0,.014,-.006,1);es="Linear";ed="In";};["Left Leg"]={cf=cfr(-.747,.165,-.286,.93,.029,-.367,.119,.92,.373,.349,-.391,.852);es="Linear";ed="In";};["Right Leg"]={cf=cfr(-.465,.163,-.306,.569,.252,-.783,.155,.902,.403,.808,-.351,.474);es="Linear";ed="In";};["Left Arm"]={cf=cfr(-.015,.271,.33,.839,.531,-.117,.12,.029,.992,.531,-.847,-.039);es="Linear";ed="In";};["Right Arm"]={cf=cfr(-.366,.023,.383,.658,-.628,.415,.219,.687,.693,-.72,-.365,.59);es="Linear";ed="In";};["Head"]={cf=cfr(0,0,.018,.92,.355,.165,-.383,.901,.203,-.077,-.25,.965);es="Linear";ed="In";};};{tm=1.6;["HumanoidRootPart"]={cf=cfr(0,0,0,1,0,0,0,1,0,0,0,1);es="Linear";ed="In";};["Torso"]={cf=cfr(-.229,-.038,-.187,.918,-.389,-.07,.391,.921,.003,.063,-.031,.998);es="Linear";ed="In";};["Left Leg"]={cf=cfr(-.874,.194,-.336,.928,-.034,-.372,.153,.943,.296,.34,-.332,.88);es="Linear";ed="In";};["Right Leg"]={cf=cfr(-.358,.283,-.21,.449,.381,-.808,.148,.86,.488,.881,-.338,.33);es="Linear";ed="In";};["Left Arm"]={cf=cfr(-.182,.297,.34,.832,.375,-.408,.384,.141,.913,.4,-.916,-.027);es="Linear";ed="In";};["Right Arm"]={cf=cfr(-.112,-.226,.386,.591,-.797,.127,.41,.432,.803,-.695,-.423,.582);es="Linear";ed="In";};["Head"]={cf=cfr(0,0,.018,.898,.369,.239,-.414,.893,.178,-.148,-.258,.955);es="Linear";ed="In";};};{tm=1.633;["HumanoidRootPart"]={cf=cfr(0,0,0,1,0,0,0,1,0,0,0,1);es="Linear";ed="In";};["Torso"]={cf=cfr(-.22,-.031,-.287,.881,-.456,-.129,.461,.887,.013,.108,-.071,.992);es="Linear";ed="In";};["Left Leg"]={cf=cfr(-.965,.222,-.356,.92,-.081,-.383,.162,.969,.185,.356,-.232,.905);es="Linear";ed="In";};["Right Leg"]={cf=cfr(-.339,.386,-.276,.333,.491,-.805,.237,.783,.575,.913,-.382,.144);es="Linear";ed="In";};["Left Arm"]={cf=cfr(-.425,.259,.333,.805,.199,-.558,.567,.019,.824,.175,-.98,-.098);es="Linear";ed="In";};["Right Arm"]={cf=cfr(.24,-.248,.313,.693,-.712,-.115,.473,.328,.818,-.544,-.621,.564);es="Linear";ed="In";};["Head"]={cf=cfr(0,0,.018,.868,.416,.271,-.456,.884,.102,-.197,-.212,.957);es="Linear";ed="In";};};{tm=1.667;["HumanoidRootPart"]={cf=cfr(0,0,0,1,0,0,0,1,0,0,0,1);es="Linear";ed="In";};["Torso"]={cf=cfr(-.201,-.012,-.338,.854,-.502,-.136,.507,.862,.003,.116,-.071,.991);es="Linear";ed="In";};["Left Leg"]={cf=cfr(-.991,.273,-.376,.917,-.061,-.394,.135,.978,.161,.375,-.201,.905);es="Linear";ed="In";};["Right Leg"]={cf=cfr(-.29,.44,-.24,.308,.534,-.787,.219,.766,.605,.926,-.359,.119);es="Linear";ed="In";};["Left Arm"]={cf=cfr(-.494,.277,.331,.827,.262,-.498,.516,.001,.857,.225,-.965,-.134);es="Linear";ed="In";};["Right Arm"]={cf=cfr(.227,-.287,.314,.694,-.705,-.144,.481,.306,.822,-.535,-.64,.552);es="Linear";ed="In";};["Head"]={cf=cfr(0,0,.018,.857,.46,.233,-.482,.875,.047,-.182,-.152,.971);es="Linear";ed="In";};};{tm=1.7;["HumanoidRootPart"]={cf=cfr(0,0,0,1,0,0,0,1,0,0,0,1);es="Linear";ed="In";};["Torso"]={cf=cfr(-.197,-.003,-.343,.831,-.543,-.119,.543,.839,-.034,.118,-.037,.992);es="Linear";ed="In";};["Left Leg"]={cf=cfr(-.957,.325,-.395,.908,.034,-.418,.046,.983,.178,.417,-.181,.891);es="Linear";ed="In";};["Right Leg"]={cf=cfr(-.281,.448,-.203,.303,.519,-.8,.199,.786,.585,.932,-.336,.135);es="Linear";ed="In";};["Left Arm"]={cf=cfr(-.547,.29,.325,.821,.304,-.483,.513,-.02,.858,.251,-.953,-.172);es="Linear";ed="In";};["Right Arm"]={cf=cfr(.222,-.298,.316,.697,-.701,-.149,.479,.301,.824,-.533,-.646,.546);es="Linear";ed="In";};["Head"]={cf=cfr(0,0,.018,.85,.485,.206,-.506,.86,.063,-.146,-.157,.977);es="Linear";ed="In";};};{tm=1.733;["HumanoidRootPart"]={cf=cfr(0,0,0,1,0,0,0,1,0,0,0,1);es="Linear";ed="In";};["Torso"]={cf=cfr(-.2,.005,-.308,.816,-.571,-.092,.567,.821,-.066,.113,.002,.994);es="Linear";ed="In";};["Left Leg"]={cf=cfr(-.894,.334,-.408,.88,.146,-.452,-.049,.974,.219,.472,-.17,.865);es="Linear";ed="In";};["Right Leg"]={cf=cfr(-.316,.412,-.198,.307,.47,-.828,.197,.82,.538,.931,-.328,.16);es="Linear";ed="In";};["Left Arm"]={cf=cfr(-.569,.314,.317,.777,.337,-.531,.571,-.025,.82,.263,-.941,-.212);es="Linear";ed="In";};["Right Arm"]={cf=cfr(.222,-.266,.317,.714,-.695,-.084,.436,.348,.83,-.547,-.63,.551);es="Linear";ed="In";};["Head"]={cf=cfr(0,0,.018,.831,.516,.21,-.546,.829,.125,-.109,-.218,.97);es="Linear";ed="In";};};{tm=1.767;["HumanoidRootPart"]={cf=cfr(0,0,0,1,0,0,0,1,0,0,0,1);es="Linear";ed="In";};["Torso"]={cf=cfr(-.204,.012,-.249,.807,-.587,-.06,.582,.809,-.081,.096,.031,.995);es="Linear";ed="In";};["Left Leg"]={cf=cfr(-.82,.304,-.391,.85,.242,-.468,-.126,.956,.265,.512,-.166,.843);es="Linear";ed="In";};["Right Leg"]={cf=cfr(-.39,.34,-.239,.286,.406,-.868,.217,.855,.471,.933,-.324,.157);es="Linear";ed="In";};["Left Arm"]={cf=cfr(-.567,.332,.31,.738,.366,-.567,.613,-.013,.79,.282,-.93,-.234);es="Linear";ed="In";};["Right Arm"]={cf=cfr(.234,-.225,.312,.728,-.686,.01,.38,.416,.826,-.571,-.597,.563);es="Linear";ed="In";};["Head"]={cf=cfr(0,0,.018,.821,.528,.215,-.564,.809,.165,-.087,-.256,.963);es="Linear";ed="In";};};{tm=1.8;["HumanoidRootPart"]={cf=cfr(0,0,0,1,0,0,0,1,0,0,0,1);es="Linear";ed="In";};["Torso"]={cf=cfr(-.223,.019,-.179,.811,-.584,-.032,.581,.81,-.08,.072,.047,.996);es="Linear";ed="In";};["Left Leg"]={cf=cfr(-.73,.243,-.348,.813,.324,-.484,-.18,.93,.32,.554,-.173,.814);es="Linear";ed="In";};["Right Leg"]={cf=cfr(-.46,.254,-.304,.269,.34,-.901,.237,.883,.404,.933,-.322,.157);es="Linear";ed="In";};["Left Arm"]={cf=cfr(-.548,.322,.311,.726,.359,-.587,.629,.001,.778,.28,-.933,-.225);es="Linear";ed="In";};["Right Arm"]={cf=cfr(.278,-.187,.308,.724,-.681,.109,.32,.472,.822,-.611,-.56,.559);es="Linear";ed="In";};["Head"]={cf=cfr(0,0,.018,.827,.512,.234,-.555,.811,.185,-.096,-.283,.954);es="Linear";ed="In";};};{tm=1.833;["HumanoidRootPart"]={cf=cfr(0,0,0,1,0,0,0,1,0,0,0,1);es="Linear";ed="In";};["Torso"]={cf=cfr(-.238,.017,-.119,.829,-.558,-.034,.556,.829,-.052,.057,.024,.998);es="Linear";ed="In";};["Left Leg"]={cf=cfr(-.658,.166,-.284,.795,.33,-.509,-.172,.927,.332,.582,-.177,.794);es="Linear";ed="In";};["Right Leg"]={cf=cfr(-.534,.158,-.479,.329,.297,-.897,.303,.866,.397,.895,-.402,.195);es="Linear";ed="In";};["Left Arm"]={cf=cfr(-.504,.273,.319,.737,.302,-.605